"시점",전국,서울특별시,부산광역시,대구광역시,인천광역시,광주광역시,대전광역시,울산광역시,세종특별자치시,경기도,강원도,충청북도,충청남도,전라북도,전라남도,경상북도,경상남도,제주특별자치도
"1997.07",36.206,81.328,57.074,74.612,79.458,34.642,54.995,56.463,-,13.839,74.029,20.754,15.097,55.853,53.763,38.645,49.991,36.905
"1997.08",35.382,76.467,53.704,72.309,82.252,29.607,53.887,59.509,-,13.148,70.369,20.284,14.938,57.397,53.066,38.466,47.999,37.484
"1997.09",36.176,79.043,54.191,72.942,83.961,29.067,52.670,60.211,-,13.843,70.877,20.266,15.412,57.189,55.015,41.506,48.007,41.836
"1997.10",38.745,84.774,58.575,79.928,92.276,29.573,56.570,65.949,-,13.793,81.142,23.406,18.269,61.308,60.354,43.155,52.773,44.728
"1997.11",37.254,81.453,54.653,75.542,86.778,27.975,55.142,63.798,-,13.850,78.868,21.457,16.949,57.192,57.783,43.603,50.997,47.067
"1997.12",36.685,78.517,52.714,71.833,81.028,28.229,49.781,63.490,-,14.163,83.685,20.625,16.140,52.586,57.172,44.713,48.338,73.544
"1998.01",31.412,69.623,42.392,60.069,61.504,25.824,41.827,56.565,-,12.907,50.382,16.312,12.776,42.723,54.600,36.619,39.153,49.699
"1998.02",32.509,66.286,45.622,64.558,59.810,25.793,44.348,52.407,-,13.789,54.415,17.254,13.102,43.533,51.025,35.153,45.393,47.543
"1998.03",33.999,69.567,52.397,70.715,63.182,27.276,46.510,54.568,-,14.021,64.257,18.212,13.867,45.448,57.529,37.591,46.891,44.548
"1998.04",33.902,66.695,52.017,66.466,62.188,28.051,47.023,55.319,-,13.837,70.115,19.279,13.526,45.550,54.359,38.416,47.301,37.863
"1998.05",33.120,63.388,49.434,64.491,59.686,28.339,43.840,52.114,-,13.246,68.602,19.233,13.269,47.644,54.158,37.200,48.613,46.034
"1998.06",31.902,62.308,47.968,63.282,58.443,26.266,46.038,52.131,-,12.164,64.393,19.358,13.684,43.785,50.888,37.205,45.495,40.003
"1998.07",31.324,61.988,45.611,57.191,53.891,23.478,44.547,51.139,-,13.053,57.051,18.597,12.977,44.205,49.949,35.005,42.760,43.476
"1998.08",30.976,60.446,43.395,51.717,58.063,23.377,45.145,46.805,-,13.285,54.609,19.384,12.246,41.435,50.699,33.100,44.609,46.332
"1998.09",35.765,66.306,49.844,65.086,70.357,27.450,47.737,54.096,-,15.509,68.550,23.515,14.897,49.002,51.575,36.866,48.613,47.397
"1998.10",35.396,67.512,46.348,63.515,66.480,27.073,46.334,57.869,-,15.392,64.655,23.475,14.251,46.308,54.012,37.411,46.786,40.722
"1998.11",37.791,75.225,49.804,66.401,68.969,28.003,48.346,60.965,-,17.167,67.492,24.602,14.981,49.715,55.323,40.161,47.499,56.395
"1998.12",39.097,77.014,46.314,66.808,69.347,26.490,50.281,61.420,-,18.575,65.844,24.875,15.494,50.747,58.054,42.000,48.491,79.276
"1999.01",36.719,80.284,42.244,63.810,64.580,26.594,48.537,59.346,-,17.788,52.837,15.964,14.981,45.834,55.949,43.389,49.323,64.064
"1999.02",34.264,74.491,39.714,60.285,62.990,23.490,43.606,54.569,-,16.522,47.169,17.917,13.471,43.416,54.128,40.056,43.646,46.066
"1999.03",41.048,83.994,49.273,74.323,75.952,33.252,55.176,63.373,-,19.146,61.173,25.571,17.159,51.860,59.135,50.671,55.289,48.833
"1999.04",40.270,85.165,49.827,73.446,76.695,31.706,54.343,57.371,-,18.992,66.585,22.807,17.237,52.322,57.767,50.496,52.238,48.740
"1999.05",41.044,83.246,49.637,73.121,76.102,34.021,55.325,54.527,-,19.943,76.647,25.670,17.403,53.950,54.473,49.597,54.324,44.667
"1999.06",42.242,88.876,52.848,72.465,75.515,36.828,58.325,58.612,-,21.219,74.844,24.413,17.919,54.752,54.618,48.497,52.995,45.285
"1999.07",42.444,87.005,49.821,72.137,77.601,35.842,47.970,63.153,-,20.269,68.438,25.662,18.901,55.674,59.775,50.080,52.650,44.799
"1999.08",40.893,87.437,50.610,67.913,77.818,34.233,48.698,56.749,-,19.815,63.327,24.921,18.818,56.291,54.774,50.530,49.200,46.176
"1999.09",43.098,88.111,52.161,68.885,82.950,36.293,48.447,60.789,-,21.196,62.776,33.507,18.417,56.958,59.672,50.090,49.954,47.686
"1999.10",47.310,100.486,54.133,74.613,88.026,40.689,52.677,66.917,-,23.931,74.660,36.804,19.262,63.500,59.853,54.462,53.945,53.538
"1999.11",48.865,106.862,55.236,77.247,91.135,39.021,53.235,69.424,-,25.328,72.238,38.178,19.801,61.080,59.456,56.862,56.707,68.371
"1999.12",48.774,111.370,56.928,77.998,91.595,42.458,53.296,71.204,-,24.841,74.065,36.268,19.251,61.078,60.254,55.869,56.826,80.816
"2000.01",47.748,98.197,52.679,77.842,86.094,35.763,57.136,70.283,-,25.007,56.574,29.809,17.894,56.913,63.430,53.763,54.002,73.289
"2000.02",44.232,95.471,49.021,69.888,81.042,32.707,52.765,61.591,-,23.596,51.904,26.345,16.967,52.700,56.511,50.399,50.586,59.347
"2000.03",50.449,104.003,55.437,80.117,92.033,41.212,61.663,68.248,-,27.045,69.468,32.594,20.487,59.725,63.184,57.737,57.936,65.184
"2000.04",47.660,98.159,52.686,74.018,87.635,36.528,58.790,58.574,-,25.863,69.069,32.504,19.358,57.954,57.763,54.714,57.403,52.352
"2000.05",50.253,99.745,57.105,77.786,92.532,42.533,60.741,64.407,-,27.229,77.047,34.505,20.427,59.722,58.843,57.603,58.003,51.325
"2000.06",49.396,97.018,58.039,75.803,90.098,39.804,60.794,63.221,-,26.981,75.966,34.597,20.451,57.432,56.635,54.384,56.824,55.109
"2000.07",49.944,95.478,56.880,73.318,85.588,41.829,60.454,63.610,-,27.251,67.109,33.897,20.929,59.470,60.173,57.033,56.059,59.676
"2000.08",50.080,98.633,57.203,71.638,85.764,39.351,55.505,63.909,-,28.032,66.536,35.550,20.414,58.222,59.219,57.438,53.584,62.472
"2000.09",48.872,107.301,56.264,69.980,79.833,38.356,53.599,61.160,-,27.300,64.282,32.616,19.983,57.410,60.711,56.387,54.151,58.328
"2000.10",52.318,110.792,60.643,76.296,88.911,40.454,59.842,68.108,-,28.859,76.719,35.454,21.490,59.211,63.439,60.987,59.337,68.102
"2000.11",51.342,112.660,60.080,71.066,84.490,41.616,60.652,66.372,-,28.636,75.357,34.291,21.291,55.715,61.736,61.406,58.333,71.642
"2000.12",50.324,110.453,59.826,70.129,86.288,38.917,57.774,66.748,-,28.134,69.361,31.979,20.943,54.779,64.825,56.453,60.224,81.780
"2001.01",45.763,95.425,52.104,63.375,72.794,34.436,55.811,64.194,-,25.498,51.137,28.510,17.994,49.942,62.856,54.808,52.581,57.498
"2001.02",46.762,97.497,55.986,67.097,75.434,37.232,59.146,63.104,-,26.495,53.516,29.873,18.494,48.539,61.154,56.579,57.433,60.678
"2001.03",51.161,103.286,60.464,72.654,82.500,43.214,67.518,67.981,-,29.135,68.156,33.333,19.997,56.167,65.923,60.725,63.936,55.820
"2001.04",49.778,97.430,59.602,70.895,81.461,40.573,65.159,65.991,-,27.524,72.269,34.443,20.321,56.715,63.231,60.281,61.822,54.250
"2001.05",51.021,96.437,63.026,72.873,83.829,42.395,67.797,65.098,-,28.490,74.886,35.274,21.013,58.077,61.495,64.683,67.089,59.815
"2001.06",49.892,95.048,63.382,68.331,80.597,42.734,64.537,64.413,-,27.094,74.750,34.836,21.100,56.114,59.254,63.756,65.117,56.247
"2001.07",47.876,94.065,59.585,67.666,77.452,38.492,61.229,59.661,-,25.132,67.758,32.714,19.484,53.650,63.555,62.055,62.346,60.179
"2001.08",48.344,92.221,56.870,66.733,75.274,41.126,59.162,61.613,-,25.863,68.510,33.418,19.668,55.803,61.794,62.289,61.841,62.288
"2001.09",50.914,104.300,62.039,70.175,79.330,44.438,61.924,65.556,-,28.064,74.962,34.996,21.026,61.031,64.054,61.454,63.908,69.533
"2001.10",50.765,99.418,63.774,68.770,78.140,41.390,60.408,69.453,-,28.050,74.583,33.115,22.235,56.297,60.445,63.636,61.969,65.868
"2001.11",52.690,103.573,63.415,69.386,81.600,41.527,64.874,70.812,-,29.618,75.121,35.420,22.211,56.154,63.020,65.565,63.361,77.346
"2001.12",51.057,105.483,67.305,66.891,78.158,37.028,59.385,63.210,-,29.007,70.768,33.468,19.415,52.055,65.295,63.896,60.422,90.461
"2002.01",52.121,101.178,66.242,71.408,80.031,38.608,66.862,73.950,-,29.837,63.683,34.122,21.477,54.364,64.365,65.511,61.236,74.311
"2002.02",46.291,91.280,57.536,60.868,71.009,35.869,57.515,63.254,-,26.910,56.330,30.296,19.082,48.052,57.251,61.303,53.965,53.879
"2002.03",54.734,101.970,68.612,74.483,83.639,45.092,66.746,72.336,-,32.437,72.271,38.424,23.919,57.200,65.502,68.514,63.751,56.920
"2002.04",55.021,103.502,70.131,77.409,85.003,46.092,66.964,72.083,-,32.886,76.839,38.683,24.522,60.875,60.854,67.860,66.892,54.994
"2002.05",55.393,103.197,72.219,77.116,87.477,46.064,68.142,72.388,-,33.171,77.511,39.085,24.434,61.727,60.133,68.917,68.531,59.626
"2002.06",50.993,94.692,65.804,68.140,76.503,44.695,64.403,61.158,-,30.996,76.375,36.587,20.953,54.767,61.234,67.028,61.019,53.615
"2002.07",52.846,100.625,68.491,68.138,78.543,39.245,68.990,72.625,-,30.533,73.151,38.489,23.357,58.884,64.972,70.249,59.911,56.690
"2002.08",52.555,98.994,66.626,65.015,76.149,44.191,66.443,69.966,-,31.932,70.415,37.166,23.142,56.887,62.941,70.063,59.244,63.793
"2002.09",51.849,100.509,64.104,64.688,75.734,43.856,62.874,66.203,-,33.144,68.898,36.968,22.449,55.110,61.865,67.757,58.531,63.486
"2002.10",57.739,111.465,71.380,73.992,82.926,49.292,69.091,74.835,-,36.978,81.381,40.540,25.114,60.508,66.298,72.174,67.009,83.100
"2002.11",57.566,109.987,68.603,71.373,81.992,48.248,66.834,73.693,-,37.746,78.171,38.837,24.263,57.648,64.759,75.335,65.651,85.963
"2002.12",56.788,110.354,70.518,71.354,85.041,45.368,69.137,74.436,-,36.265,75.031,37.482,24.218,58.269,68.146,74.307,64.704,93.418
"2003.01",54.349,107.394,70.031,68.803,81.301,40.598,70.514,73.580,-,31.652,66.717,37.082,23.891,57.169,64.679,72.671,63.719,96.033
"2003.02",51.130,94.237,64.669,65.641,77.985,39.633,68.231,71.249,-,30.590,64.566,33.910,22.812,52.475,59.900,67.930,60.968,74.652
"2003.03",57.660,108.802,74.512,74.366,87.792,46.554,75.409,81.146,-,32.899,78.649,37.488,26.315,60.477,66.534,76.639,70.415,78.093
"2003.04",56.354,105.367,73.969,74.767,84.400,45.298,73.710,77.699,-,32.040,82.048,39.209,26.340,60.375,64.237,72.135,71.249,67.274
"2003.05",55.298,101.367,68.303,73.292,82.330,41.036,71.354,75.318,-,31.190,83.200,39.326,25.925,63.922,66.243,73.702,68.222,58.866
"2003.06",55.616,98.047,67.972,73.351,80.263,43.035,67.998,74.283,-,31.863,83.066,38.763,26.261,62.669,64.183,74.816,68.582,58.418
"2003.07",53.559,101.130,62.783,66.554,80.013,39.036,62.427,61.882,-,31.184,75.686,37.054,25.139,59.602,67.909,73.482,63.564,70.833
"2003.08",53.587,100.513,61.485,65.842,74.187,36.906,63.910,67.298,-,30.977,74.000,37.047,26.569,63.916,66.171,75.468,62.617,71.581
"2003.09",55.649,103.204,63.741,66.302,77.389,41.980,67.498,70.291,-,33.881,72.490,38.462,27.637,64.853,62.291,80.189,62.287,61.247
"2003.10",62.511,116.203,70.455,77.219,87.695,44.936,73.799,82.919,-,39.269,86.624,42.087,31.545,74.116,69.436,83.824,71.184,69.692
"2003.11",60.617,112.647,65.569,73.960,84.856,39.118,71.095,79.164,-,38.223,80.849,41.079,31.309,68.775,69.230,83.893,68.329,80.325
"2003.12",63.167,113.436,66.948,75.549,89.016,42.379,74.024,83.041,-,39.314,82.223,40.618,32.504,72.815,73.522,86.287,70.575,100.294
"2004.01",57.095,105.078,59.322,67.332,81.269,35.229,62.215,72.890,-,36.784,64.020,37.947,30.524,62.861,72.778,81.341,61.158,96.302
"2004.02",60.332,107.864,63.554,74.141,87.590,39.736,72.295,79.780,-,39.208,68.385,39.927,32.112,65.709,69.879,82.432,66.310,66.719
"2004.03",64.836,115.491,68.952,79.901,93.280,43.504,76.023,82.678,-,42.347,80.571,44.071,34.474,72.596,73.327,88.184,72.682,60.420
"2004.04",62.898,109.848,64.774,78.245,90.690,42.120,74.990,80.798,-,40.896,81.513,44.756,33.906,74.209,69.838,86.870,74.276,61.033
"2004.05",63.032,107.341,64.578,75.203,86.516,39.953,72.531,82.523,-,41.218,83.030,46.239,34.552,72.216,68.145,91.272,73.278,56.885
"2004.06",62.889,103.303,65.625,75.210,85.844,43.572,78.142,79.527,-,41.204,83.071,46.426,33.955,73.843,69.088,87.835,75.318,62.860
"2004.07",60.567,100.454,65.491,71.498,80.906,45.419,74.441,79.782,-,38.125,74.711,45.423,33.962,67.716,66.839,84.573,71.114,55.834
"2004.08",59.281,99.435,60.354,67.240,77.160,46.166,71.587,74.155,-,38.755,72.787,44.355,33.023,68.164,70.097,85.241,65.979,59.771
"2004.09",60.964,106.035,63.560,70.519,78.859,52.097,68.011,81.474,-,39.811,71.033,43.522,33.835,67.428,70.061,89.344,68.206,52.632
"2004.10",65.921,113.640,69.346,76.759,87.111,57.327,73.374,86.124,-,43.506,79.400,47.038,36.107,73.879,71.470,92.840,77.009,58.315
"2004.11",66.500,112.185,72.081,78.254,87.586,59.806,78.071,89.205,-,44.413,82.192,45.691,36.564,75.206,71.054,95.352,77.656,90.700
"2004.12",65.803,110.656,76.040,77.965,90.238,59.119,78.080,88.788,-,44.241,80.991,39.676,36.198,74.796,75.551,91.977,75.915,111.588
"2005.01",65.342,99.221,69.919,72.777,88.184,51.453,70.460,87.336,-,47.431,65.424,36.947,36.653,71.297,72.495,96.699,70.522,75.370
"2005.02",56.235,81.190,58.594,63.651,72.571,46.728,64.394,73.117,-,40.097,54.409,31.010,31.683,60.644,62.819,87.917,62.377,47.898
"2005.03",68.400,102.110,73.787,77.969,93.417,61.527,78.500,87.505,-,50.463,73.556,41.277,37.487,76.289,72.352,99.563,78.007,54.750
"2005.04",66.006,98.823,69.567,77.153,86.091,60.673,71.556,84.307,-,48.458,75.922,40.658,36.374,75.023,68.226,92.212,81.162,53.405
"2005.05",66.273,93.045,70.621,73.222,86.352,57.656,75.137,87.420,-,48.067,80.357,41.525,37.765,78.077,72.708,94.503,74.338,55.454
"2005.06",65.608,89.458,70.973,73.370,89.230,60.559,75.796,82.793,-,48.849,80.061,41.896,39.157,75.991,71.357,90.398,73.237,57.375
"2005.07",65.342,92.347,69.144,73.296,84.084,59.535,73.457,81.195,-,47.969,73.777,40.123,40.549,74.054,74.344,93.644,71.255,50.844
"2005.08",63.016,93.244,67.175,66.768,82.340,50.940,70.314,73.201,-,46.551,72.521,40.163,39.395,70.627,75.411,91.926,66.999,55.775
"2005.09",64.744,106.891,70.903,71.961,87.747,48.835,69.217,75.220,-,48.409,73.630,40.329,40.549,71.149,70.005,94.599,70.301,55.454
"2005.10",70.261,108.187,71.958,77.228,91.324,61.982,74.261,89.272,-,51.098,80.579,45.607,43.768,76.438,70.716,104.909,74.925,61.025
"2005.11",73.518,114.264,74.842,81.753,93.068,63.804,79.157,93.900,-,55.255,80.949,49.442,46.233,82.174,71.712,103.381,77.640,110.461
"2005.12",72.853,116.655,76.530,80.937,92.283,59.250,74.991,94.404,-,54.130,75.922,45.813,47.425,82.249,71.712,95.744,79.842,90.674
"2006.01",68.998,105.298,70.692,73.519,87.573,54.583,70.168,85.485,-,51.588,68.973,41.236,43.609,76.811,71.854,96.794,72.650,87.856
"2006.02",66.738,99.321,68.511,75.076,83.473,54.981,72.434,82.625,-,50.218,66.312,39.174,42.536,73.681,69.222,90.398,74.338,59.809
"2006.03",74.315,112.869,79.132,82.050,96.383,61.982,83.397,91.880,-,56.428,81.171,46.473,49.771,84.186,74.131,93.549,84.391,60.065
"2006.04",71.125,105.099,75.897,78.785,94.900,59.364,74.553,86.747,-,54.277,81.096,45.483,49.492,80.014,68.866,89.158,82.410,52.381
"2006.05",72.787,102.807,76.882,80.640,96.557,62.836,75.796,90.534,-,56.184,86.271,46.473,51.600,83.217,74.487,92.594,82.190,49.307
"2006.06",71.723,98.225,77.022,77.599,94.464,65.681,77.842,83.551,-,55.646,87.602,46.184,49.453,81.728,75.056,92.690,83.804,54.558
"2006.07",66.340,96.033,73.716,68.919,90.190,63.462,69.217,67.816,-,49.876,68.160,43.421,45.517,71.595,76.052,87.917,76.026,50.331
"2006.08",69.330,99.121,72.873,69.809,89.579,50.826,73.603,81.531,-,51.001,78.066,44.658,48.538,77.257,77.048,95.076,76.833,52.957
"2006.09",76.443,120.938,79.696,80.344,98.999,77.236,83.543,90.449,-,58.775,85.902,49.442,53.269,86.347,75.767,102.521,85.712,58.784
"2006.10",73.651,118.847,75.405,74.780,90.364,68.470,74.772,84.307,-,58.531,78.139,45.442,50.646,76.512,74.629,102.808,78.448,59.361
"2006.11",78.770,126.019,82.158,84.053,98.127,81.163,80.619,93.478,-,62.834,86.345,50.225,56.211,83.367,72.922,102.712,86.006,100.663
"2006.12",74.449,130.801,82.298,81.531,95.249,73.593,81.497,89.187,-,56.771,80.210,46.844,52.116,81.057,76.692,93.453,86.006,103.097
"2007.01",74.981,124.624,80.750,82.866,96.469,72.682,78.719,89.103,-,55.646,72.891,47.298,53.190,85.303,78.684,102.808,84.612,77.482
"2007.02",66.605,104.103,73.013,74.038,88.184,63.007,65.782,80.942,-,50.267,64.315,40.700,47.227,75.395,69.436,93.549,75.586,57.056
"2007.03",76.908,113.466,84.689,88.133,103.274,76.780,79.231,93.142,-,59.069,77.770,48.452,55.694,88.433,78.613,105.863,89.309,57.504
"2007.04",75.645,122.532,86.799,83.163,98.738,71.601,80.474,92.385,-,56.966,83.093,49.730,54.740,89.550,73.490,103.477,86.079,57.631
"2007.05",76.975,110.079,86.237,83.608,101.093,71.146,82.374,92.638,-,58.237,86.937,50.514,55.853,93.573,79.324,105.959,89.088,56.223
"2007.06",76.510,101.015,85.041,79.157,101.965,71.487,81.643,87.505,-,58.580,82.944,50.885,55.018,88.060,76.834,107.581,86.520,54.942
"2007.07",75.379,102.210,83.283,75.967,94.464,57.144,77.988,82.457,-,58.237,81.171,50.019,56.092,84.558,81.388,109.872,83.218,55.071
"2007.08",75.579,107.091,84.127,75.002,92.632,65.340,81.497,83.213,-,57.455,79.027,50.225,55.256,79.269,80.605,112.449,80.429,70.951
"2007.09",74.183,106.494,77.937,72.925,92.894,64.031,73.457,76.988,-,59.313,76.735,48.246,54.542,84.260,76.834,114.645,76.613,51.485
"2007.10",85.483,122.731,90.317,84.572,106.501,77.976,84.201,91.038,-,69.191,89.302,56.576,62.770,95.809,76.621,129.632,92.831,72.296
"2007.11",84.819,116.057,94.115,87.169,108.071,79.341,88.952,93.142,-,70.804,87.750,54.267,61.856,93.350,77.546,122.855,92.684,84.975
"2007.12",81.428,116.156,90.317,84.276,100.831,67.959,82.885,88.431,-,65.914,82.871,52.576,60.544,87.465,83.593,109.872,89.234,113.214
"2008.01",83.954,119.444,90.950,87.169,106.763,65.511,80.985,93.394,-,66.697,74.369,52.328,60.902,94.766,83.806,119.132,91.509,102.584
"2008.02",73.850,106.394,78.148,78.638,88.009,56.062,68.121,84.813,-,58.971,70.525,45.153,54.542,81.876,75.554,108.345,83.510,58.464
"2008.03",85.217,115.857,91.021,91.398,107.983,71.885,82.739,97.854,-,67.626,86.345,53.318,63.167,95.063,85.585,122.855,97.454,60.513
"2008.04",84.087,102.807,92.356,88.727,103.186,69.552,83.104,96.256,-,68.017,92.629,52.700,61.538,96.702,82.312,120.754,97.454,54.622
"2008.05",84.087,100.217,91.372,86.501,100.220,68.243,79.157,99.032,-,68.408,92.851,55.009,65.275,94.393,82.241,114.835,95.325,70.695
"2008.06",82.093,91.251,89.543,84.572,99.436,67.959,77.623,94.404,-,65.914,91.446,54.142,64.281,90.891,80.249,113.786,93.271,48.026
"2008.07",82.027,101.512,85.534,80.937,97.255,62.949,77.184,84.560,-,65.181,87.824,54.596,62.531,88.806,87.079,113.499,96.500,60.577
"2008.08",77.241,102.409,85.956,76.857,88.707,58.852,69.510,82.709,-,59.558,83.093,50.184,62.015,81.578,85.585,110.540,85.052,75.818
"2008.09",79.102,111.374,88.347,77.896,96.033,61.470,69.290,79.344,-,62.589,83.019,51.009,62.611,87.092,85.941,113.881,89.895,71.848
"2008.10",84.154,111.275,95.733,87.762,102.838,74.902,80.328,98.863,-,66.795,92.407,53.854,67.739,89.997,84.162,116.076,97.087,75.113
"2008.11",73.318,97.727,84.056,77.747,91.672,65.966,74.918,88.598,-,56.771,85.088,49.029,59.272,73.607,76.265,98.608,85.418,100.983
"2008.12",66.472,98.025,83.845,71.218,80.420,57.941,70.606,84.980,-,49.533,74.813,45.566,49.572,69.584,74.273,76.557,84.612,116.672
"2009.01",62.749,89.658,75.616,57.346,69.605,42.232,59.204,73.959,-,48.214,58.327,38.844,47.863,62.730,68.510,79.611,74.117,66.276
"2009.02",66.937,84.776,77.796,66.174,76.147,52.534,61.323,82.288,-,52.027,65.351,43.875,55.296,66.828,66.803,84.766,81.970,64.547
"2009.03",76.642,92.049,80.610,75.076,84.433,58.909,70.460,89.693,-,59.069,83.388,51.999,65.871,77.332,80.462,97.367,92.463,77.611
"2009.04",77.906,99.919,81.946,72.332,83.125,63.576,69.875,89.440,-,61.269,88.045,55.421,68.495,82.398,80.747,105.576,94.152,70.182
"2009.05",77.174,82.585,77.234,69.439,77.542,70.463,67.902,89.609,-,59.655,83.905,55.586,70.641,82.026,77.617,105.290,92.244,68.646
"2009.06",81.562,84.377,84.971,71.887,85.479,73.479,79.596,95.245,-,64.252,85.680,57.277,73.782,85.899,78.613,110.063,99.362,70.503
"2009.07",82.824,89.259,83.423,75.225,85.655,70.975,79.377,93.731,-,65.572,81.983,59.957,78.274,87.092,82.383,110.349,95.399,76.010
"2009.08",78.304,89.857,78.078,66.545,83.386,52.078,74.991,82.373,-,62.345,75.404,54.761,77.797,82.398,85.371,101.662,83.510,77.034
"2009.09",88.673,99.719,94.326,79.305,96.209,83.838,86.248,93.983,-,70.266,89.672,63.380,85.946,92.829,91.490,112.163,100.609,99.255
"2009.10",85.151,98.723,92.216,82.125,91.586,78.089,75.357,91.291,-,66.452,86.788,58.349,82.010,90.444,90.351,112.640,89.895,77.867
"2009.11",86.879,95.634,85.815,82.717,90.714,82.984,79.011,96.507,-,67.919,85.458,59.421,81.574,92.530,89.783,114.454,96.720,106.234
"2009.12",89.604,108.087,95.241,88.949,96.209,79.854,85.297,98.443,-,71.929,85.458,58.844,84.237,92.829,88.786,108.536,102.444,123.140
"2010.01",87.049,102.737,87.198,86.059,92.126,70.067,80.973,89.700,80.965,70.935,78.293,57.570,80.503,94.317,92.903,102.017,99.895,98.493
"2010.02",79.648,85.630,76.723,78.996,82.579,57.589,74.283,82.116,73.988,68.814,74.304,53.117,74.350,89.332,81.256,92.569,88.598,75.099
"2010.03",94.080,100.587,90.958,95.167,101.083,77.572,88.705,93.914,86.133,81.854,92.950,64.186,88.995,101.196,88.080,109.448,107.322,72.720
"2010.04",93.617,96.872,91.943,95.167,104.232,80.185,88.097,97.004,89.147,79.419,101.299,64.504,85.009,100.997,89.627,110.403,107.322,64.235
"2010.05",92.599,92.766,91.495,93.123,99.902,84.233,86.620,94.007,88.114,77.612,96.475,65.204,84.489,101.496,88.717,107.325,105.649,68.200
"2010.06",94.635,93.842,92.748,94.052,102.461,89.376,91.051,95.506,89.578,82.090,98.516,65.649,89.255,102.692,90.446,107.325,108.368,90.960
"2010.07",94.542,91.789,90.958,94.796,99.803,90.219,91.051,93.258,89.578,81.854,92.301,66.858,88.562,103.789,92.903,105.520,108.054,71.927
"2010.08",89.269,90.420,85.765,85.502,94.094,79.511,80.973,89.139,79.845,75.805,88.312,62.850,87.522,89.930,91.265,103.397,97.803,72.244
"2010.09",90.194,96.090,85.228,89.777,94.390,85.835,82.189,92.228,85.013,76.826,86.735,62.087,85.789,95.314,89.536,101.486,97.490,70.341
"2010.10",97.317,103.226,94.360,98.606,105.217,97.808,91.312,97.285,91.645,80.911,99.258,65.967,92.808,105.085,95.450,110.722,109.519,75.337
"2010.11",97.502,105.767,90.421,100.929,100.000,102.698,90.443,98.689,89.147,82.168,102.690,67.112,91.941,102.592,94.086,111.996,110.356,95.163
"2010.12",99.630,113.294,96.419,103.160,104.921,96.712,96.872,100.843,90.612,84.525,102.041,68.321,90.641,109.571,97.725,111.677,114.958,96.907
"2011.01",97.410,115.054,90.421,100.929,102.559,96.037,91.312,102.528,88.544,80.911,93.506,66.539,90.208,107.976,97.725,108.280,107.845,87.629
"2011.02",85.106,90.616,78.603,89.498,87.598,78.921,76.977,82.678,80.276,72.584,78.386,57.188,80.329,92.024,89.081,97.134,91.632,74.861
"2011.03",102.313,109.286,96.777,108.736,107.972,97.723,93.397,100.843,96.555,86.174,106.494,75.191,93.847,112.861,102.002,113.270,113.808,80.095
"2011.04",98.797,97.361,94.091,100.372,106.398,93.423,82.016,102.434,94.918,82.404,103.618,75.700,89.081,107.777,97.543,112.420,109.937,71.372
"2011.05",99.167,88.759,90.152,99.257,103.839,90.809,86.794,99.251,96.469,84.132,104.917,74.491,93.328,107.178,98.635,112.845,109.728,72.799
"2011.06",100.278,86.510,93.465,99.907,107.087,97.639,88.532,101.685,98.450,84.603,104.824,75.382,95.581,113.061,95.814,109.873,116.213,81.602
"2011.07",98.057,90.029,93.017,97.491,97.933,91.400,86.186,104.494,96.555,82.404,103.340,73.155,93.934,106.082,96.178,107.962,107.218,77.320
"2011.08",93.987,97.067,85.855,87.918,100.591,83.137,84.883,93.258,96.382,80.440,100.649,68.448,87.782,103.390,99.272,106.369,99.582,80.571
"2011.09",96.577,101.857,88.899,93.030,99.114,88.280,82.276,99.438,98.450,83.189,100.464,68.702,92.201,104.088,98.089,108.811,101.360,81.285
"2011.10",101.480,107.234,92.480,97.398,104.232,88.954,83.493,105.056,103.876,88.138,105.751,73.092,98.007,115.155,103.549,111.677,108.787,85.012
"2011.11",101.110,104.399,94.091,100.465,103.740,97.470,93.831,104.026,100.086,85.782,107.050,74.682,95.321,111.765,102.457,114.862,110.774,113.164
"2011.12",101.943,114.076,93.375,104.275,107.776,91.737,98.957,109.082,102.153,88.060,108.905,72.901,96.101,112.961,107.734,110.085,110.669,117.922
"2012.01",94.357,106.256,90.063,89.870,96.358,79.427,92.268,102.996,92.420,78.947,93.228,68.384,89.861,101.296,113.194,110.510,94.874,90.404
"2012.02",98.150,106.549,92.122,97.212,100.197,87.605,94.787,105.524,96.382,83.818,96.104,71.247,91.075,105.583,100.364,110.403,106.485,75.892
"2012.03",103.238,111.730,95.345,105.112,108.563,90.051,98.349,114.232,102.929,87.588,110.946,76.209,98.787,113.858,103.185,111.677,112.971,89.056
"2012.04",98.797,98.143,91.853,99.257,104.232,84.907,97.394,105.712,99.569,83.032,109.555,74.173,93.934,106.879,99.181,106.369,112.134,77.161
"2012.05",102.405,94.037,91.226,103.067,106.496,89.882,87.924,110.206,99.742,85.232,111.410,79.453,94.107,110.668,108.098,113.376,117.887,86.201
"2012.06",101.018,90.714,95.434,100.651,105.217,89.376,96.264,109.176,103.015,83.346,109.276,78.244,95.581,110.169,103.458,110.510,114.540,87.787
"2012.07",98.057,94.233,88.362,96.561,101.476,85.160,96.699,106.367,100.947,82.561,102.041,73.092,92.461,102.592,103.003,108.068,109.623,82.395
"2012.08",92.784,95.992,85.944,87.454,96.161,72.007,89.401,93.820,93.023,79.497,95.455,73.410,87.868,90.728,101.183,103.928,99.268,88.105
"2012.09",96.855,98.631,89.794,92.379,100.197,81.703,92.702,104.307,103.876,83.032,97.681,75.891,90.035,100.299,102.366,107.006,105.126,79.778
"2012.10",100.648,105.376,88.988,96.190,102.362,77.487,96.351,109.270,102.239,87.903,105.195,77.735,95.061,102.493,102.912,113.588,103.870,89.929
"2012.11",104.163,109.091,88.899,97.955,108.563,96.206,96.785,109.831,111.025,94.266,102.690,79.962,94.194,105.583,101.729,114.756,109.100,104.600
"2012.12",102.035,109.384,89.346,98.048,107.185,81.450,92.354,115.262,109.647,91.595,98.609,76.527,92.894,102.592,103.367,107.749,106.695,103.489
"2013.01",102.868,107.429,93.017,99.907,105.118,89.376,98.262,115.075,109.905,89.317,97.310,89.822,97.227,108.774,106.733,108.917,113.598,106.741
"2013.02",90.009,94.624,83.796,87.732,93.406,71.669,84.014,100.094,96.641,81.225,86.456,81.552,84.402,93.519,88.171,93.100,97.908,78.588
"2013.03",101.388,105.670,96.150,102.695,106.299,92.074,90.877,105.431,109.130,91.516,100.835,87.850,96.620,105.882,95.814,103.185,114.854,81.919
"2013.04",101.295,95.503,93.823,103.996,107.579,95.868,89.748,105.899,107.321,91.595,110.482,91.667,94.541,105.284,92.357,103.503,118.724,78.509
"2013.05",102.313,90.029,90.152,103.996,108.661,95.447,89.227,107.772,106.804,92.380,110.946,90.394,98.180,105.085,99.090,107.113,113.703,83.188
"2013.06",99.722,84.751,86.929,99.535,106.398,94.013,89.661,109.644,109.044,89.474,106.586,92.430,98.873,101.396,96.178,96.285,110.879,84.615
"2013.07",99.907,83.187,90.958,99.257,100.984,85.919,94.700,105.056,102.067,91.280,107.421,96.883,100.953,100.100,98.726,97.240,108.682,89.849
"2013.08",96.115,89.345,85.228,93.401,105.512,82.209,84.275,95.225,97.761,90.966,99.351,93.766,98.180,99.501,93.904,102.442,99.372,89.929
"2013.09",93.525,95.894,87.466,92.100,100.886,76.138,77.498,92.790,91.042,87.274,95.918,88.104,93.328,94.118,90.810,101.805,96.339,81.443
"2013.10",104.810,108.798,94.808,106.134,110.728,100.759,93.571,110.019,105.857,97.958,114.842,97.646,106.846,110.668,95.632,113.694,106.067,92.387
"2013.11",103.793,101.466,93.017,105.762,105.807,104.216,92.441,108.333,96.555,98.665,105.659,96.501,103.120,108.973,93.085,111.677,105.858,108.644
"2013.12",104.903,107.136,93.017,109.572,110.925,97.049,96.003,107.210,93.368,102.357,103.247,96.883,103.120,109.272,97.270,104.352,111.820,126.804
"2014.01",98.520,101.857,87.914,103.253,106.102,89.460,90.096,103.839,91.904,91.202,97.588,88.232,95.841,103.589,100.819,106.794,102.406,93.101
"2014.02",93.617,104.594,86.661,98.513,100.197,90.304,85.230,96.910,87.683,88.374,92.857,86.387,88.648,99.402,86.897,99.151,101.464,78.985
"2014.03",104.533,109.286,95.882,106.413,110.925,105.902,94.613,111.330,94.315,100.393,108.534,90.585,99.913,107.178,92.721,109.660,110.565,86.281
"2014.04",103.885,103.812,94.091,108.271,110.433,103.710,100.695,109.457,97.933,100.471,107.885,92.112,98.354,106.481,90.992,111.783,111.820,82.474
"2014.05",100.370,92.278,90.779,103.439,104.921,100.169,98.175,110.112,95.263,95.915,106.494,91.158,96.274,103.190,91.356,106.476,105.962,89.770
"2014.06",100.463,93.548,89.257,103.625,107.087,103.288,95.743,105.337,96.382,97.486,102.319,95.165,98.180,100.100,88.535,101.805,107.322,87.867
"2014.07",104.070,95.308,98.030,104.368,108.366,108.263,103.041,105.712,100.517,99.214,103.154,100.763,101.733,113.559,91.811,105.202,110.774,93.497
"2014.08",93.617,93.939,87.377,93.309,96.654,86.088,89.401,90.449,94.229,89.788,94.249,91.603,97.747,91.027,89.536,95.754,92.887,87.153
"2014.09",95.467,103.030,89.973,93.216,99.606,89.629,102.954,91.105,96.296,90.416,96.104,91.667,96.014,92.522,88.899,100.743,101.151,81.047
"2014.10",101.850,110.655,99.552,103.439,106.496,90.641,102.259,103.371,104.134,95.051,105.751,97.901,101.386,106.281,90.537,106.369,106.799,102.062
"2014.11",100.555,105.572,93.017,103.253,101.280,102.530,97.741,102.060,98.622,98.115,100.464,96.565,99.307,102.094,89.809,101.805,108.996,117.129
"2014.12",106.383,118.866,101.970,114.312,107.087,110.961,102.954,111.704,104.134,102.514,98.701,103.372,108.146,110.668,96.997,102.123,112.134,116.019
"2015.01",99.8,104.2,99.3,101.6,104.0,99.4,97.4,104.6,100.1,93.9,95.8,99.8,100.5,103.2,100.6,103.5,102.3,111.5
"2015.02",88.8,92.5,88.8,88.8,89.0,81.9,87.0,93.7,90.1,87.9,86.8,86.6,88.5,89.9,90.2,89.3,90.0,95.9
"2015.03",103.3,104.0,106.8,108.0,107.2,103.8,99.0,113.0,99.1,101.5,103.3,103.3,103.2,108.2,100.2,100.3,107.8,102.9
"2015.04",101.4,93.5,103.4,104.8,104.2,104.4,98.4,108.6,105.1,99.4,102.5,101.9,98.0,105.3,95.1,103.6,103.8,98.1
"2015.05",97.3,87.1,95.3,98.9,97.1,101.7,95.0,98.8,97.7,96.8,97.4,98.0,94.5,100.5,99.1,100.4,96.5,93.1
"2015.06",101.5,89.3,99.8,101.3,103.4,109.3,103.8,105.0,100.6,101.7,106.1,99.8,104.0,105.3,100.2,99.5,103.3,95.7
"2015.07",100.4,88.9,104.9,101.1,100.8,105.0,108.6,98.1,101.6,97.3,103.7,103.4,103.6,100.8,103.3,94.9,101.2,96.8
"2015.08",94.7,90.5,92.5,89.3,94.4,87.2,94.1,92.2,92.1,93.7,98.8,95.6,100.9,92.6,100.8,100.4,90.9,99.4
"2015.09",99.9,104.5,96.3,95.8,97.1,95.2,102.5,87.5,97.1,105.4,101.2,102.0,100.1,94.2,98.1,101.2,93.1,93.4
"2015.10",105.1,113.4,102.3,103.2,99.1,105.2,105.1,101.2,107.9,109.0,100.7,103.5,101.2,99.6,103.8,111.3,100.7,104.7
"2015.11",102.7,112.6,101.5,100.9,98.8,105.9,100.6,94.1,107.3,107.0,100.8,101.0,101.9,97.8,102.2,103.9,101.3,101.2
"2015.12",105.1,119.3,109.1,106.2,105.1,101.0,108.6,103.3,101.3,106.4,102.7,105.0,103.8,102.6,106.5,91.7,109.3,107.4
"2016.01",99.0,111.5,105.7,97.9,103.4,88.9,107.6,94.8,93.5,97.7,92.5,100.2,100.1,100.4,105.4,101.1,97.5,101.9
"2016.02",90.7,101.8,96.5,91.1,93.2,83.1,99.2,85.2,89.7,90.4,83.0,94.3,89.8,90.0,97.4,89.5,90.2,90.6
"2016.03",105.7,116.2,114.1,109.5,106.7,109.2,118.1,103.4,102.4,105.1,99.8,108.2,105.9,104.1,103.8,108.4,105.7,103.1
"2016.04",99.7,100.9,108.0,102.2,100.3,97.2,108.7,94.1,96.8,101.7,100.0,109.6,100.0,94.3,96.6,97.4,96.7,89.9
"2016.05",102.6,92.0,104.2,103.9,101.9,102.1,108.7,95.3,96.3,105.6,105.2,110.9,105.3,98.4,104.2,99.2,102.0,97.4
"2016.06",104.7,90.7,104.4,104.1,105.6,106.6,114.6,97.8,100.1,112.5,108.3,112.6,103.4,98.4,102.9,99.0,102.9,97.1
"2016.07",102.4,89.5,103.6,98.8,106.9,105.0,106.7,93.1,96.9,106.8,103.0,111.5,105.6,97.0,105.4,89.4,97.9,100.8
"2016.08",98.0,94.5,99.8,94.2,105.2,85.2,104.0,76.6,90.1,105.7,106.2,105.8,104.3,87.0,105.2,94.7,90.0,110.5
"2016.09",98.7,99.2,97.5,95.9,101.2,89.9,103.3,77.6,95.4,106.2,101.8,107.9,103.9,87.3,103.9,94.0,94.6,98.4
"2016.10",104.4,108.7,102.3,105.5,106.5,96.1,110.3,92.5,101.0,109.1,108.1,123.3,113.4,98.0,98.7,90.4,95.8,99.4
"2016.11",108.9,110.5,104.6,108.3,111.3,107.6,121.6,101.0,104.6,113.7,113.6,125.6,117.0,105.6,98.2,95.5,101.3,111.3
"2016.12",111.4,121.4,110.4,108.9,118.9,108.5,113.6,104.5,102.2,116.0,108.5,118.4,118.9,109.0,103.2,88.2,112.6,122.2
"2017.01",100.8,108.3,96.6,96.8,107.8,89.8,109.9,89.4,100.6,105.1,94.2,113.0,108.9,98.1,101.6,89.7,94.5,110.9
"2017.02",98.8,107.2,96.1,101.7,106.0,100.0,109.2,86.2,96.7,101.5,92.5,110.2,106.9,98.1,94.3,87.5,96.1,99.6
"2017.03",111.0,115.1,107.1,110.7,114.3,110.8,115.7,100.1,103.5,114.3,110.5,122.4,125.5,106.1,103.5,94.4,106.3,113.2
"2017.04",104.1,96.7,99.6,106.9,106.4,101.4,110.1,95.9,102.3,106.3,109.1,114.3,117.9,99.7,100.3,94.5,100.0,100.9
"2017.05",104.8,92.0,96.1,106.2,105.6,99.9,101.1,95.0,103.1,110.1,111.3,114.1,120.3,100.3,104.9,91.1,98.2,107.6
"2017.06",105.5,90.8,100.8,104.5,110.7,101.9,111.3,96.5,100.1,109.8,118.5,117.0,121.7,102.3,103.3,87.4,101.8,106.6
"2017.07",104.9,91.6,100.1,100.6,114.4,107.8,110.3,94.6,97.3,107.7,107.1,116.8,124.9,100.3,102.9,91.0,96.5,120.6
"2017.08",101.3,92.7,92.9,93.6,110.1,97.4,101.9,79.5,98.9,113.2,108.8,114.4,121.5,95.4,100.1,88.7,88.1,115.4
"2017.09",109.4,111.9,103.2,108.7,116.5,105.8,117.7,90.7,107.9,122.2,121.5,124.5,125.2,101.8,101.4,98.8,96.9,111.5
"2017.10",99.8,96.1,85.7,92.5,108.2,82.7,98.2,89.2,89.6,112.4,100.6,106.8,121.5,89.0,97.6,89.0,83.4,96.5
"2017.11",109.4,109.6,101.5,109.2,120.9,101.7,115.2,97.9,99.0,122.6,114.7,116.8,127.2,103.7,94.4,93.8,94.7,121.6
"2017.12",107.4,117.9,97.6,101.0,121.7,88.7,105.2,91.8,100.9,121.6,111.5,114.3,125.2,99.9,97.2,87.3,92.9,134.0
"2018.01",106.2,117.1,96.7,100.9,129.4,91.3,110.9,94.3,104.9,117.6,102.4,113.2,127.8,103.5,102.9,88.4,94.5,119.9
"2018.02",93.4,104.4,83.8,90.5,104.9,77.7,94.8,84.9,95.4,106.6,92.8,97.5,110.6,89.1,89.6,80.1,82.3,100.6
"2018.03",108.4,109.8,97.2,105.7,115.9,97.9,108.7,94.8,111.8,123.0,105.8,121.4,129.7,102.1,97.2,94.6,96.5,119.4
"2018.04",106.4,101.0,95.6,104.1,108.8,95.8,94.1,94.2,107.3,120.8,104.5,117.8,122.8,97.9,98.6,88.6,91.5,106.4
"2018.05",107.4,93.9,99.1,105.9,109.4,96.4,93.7,95.8,109.0,119.1,107.9,121.1,121.3,101.0,100.6,92.6,93.6,104.8
"2018.06",107.7,90.8,96.2,104.5,107.9,93.3,89.7,93.8,104.5,126.3,107.6,118.8,123.8,99.5,98.4,88.5,91.9,113.5
"2018.07",108.4,91.7,96.8,100.3,114.2,93.5,92.4,89.5,105.1,129.1,107.5,115.2,128.6,96.6,102.2,88.6,94.0,126.6
"2018.08",105.5,96.4,90.6,98.6,111.5,86.3,89.5,94.6,101.9,118.7,107.0,118.8,129.6,92.3,101.7,88.5,87.9,123.6
"2018.09",102.3,98.4,89.3,96.5,102.2,87.0,93.8,92.5,96.9,119.2,97.8,116.6,119.2,88.4,95.0,83.4,84.3,106.2
"2018.10",112.5,110.5,99.4,109.0,113.4,99.9,102.0,103.8,116.1,128.9,107.8,127.4,127.1,101.3,94.5,94.3,93.8,109.2
"2018.11",109.7,111.8,99.3,107.9,113.4,103.6,103.7,103.3,111.1,123.6,111.2,121.1,123.7,97.2,91.4,93.0,93.7,97.8
"2018.12",108.1,112.8,95.8,104.4,115.8,92.2,104.7,106.1,106.9,119.4,109.7,124.8,126.7,96.3,96.7,84.9,89.9,123.2
"2019.01",105.7,114.2,96.3,107.1,112.4,95.1,108.6,104.0,108.2,114.4,108.4,123.6,122.1,96.7,103.9,86.0,96.7,129.5
"2019.02",89.7,93.3,81.7,87.6,96.2,75.6,90.1,82.4,94.0,99.8,94.2,101.5,101.7,80.4,87.1,77.8,80.1,100.8
"2019.03",106.2,101.8,95.9,107.7,111.3,94.4,112.2,98.5,104.3,117.3,101.6,125.9,116.6,96.1,101.3,92.7,95.6,111.5
"2019.04",107.2,95.2,96.7,109.4,107.0,105.3,114.5,97.2,107.7,120.4,107.9,129.0,116.3,95.2,100.1,92.2,97.4,102.0
"2019.05",108.6,92.4,95.9,109.0,104.3,100.7,115.1,99.7,108.5,130.3,108.1,126.7,120.6,95.0,99.0,89.8,98.4,101.8
"2019.06",105.7,89.4,91.9,99.0,101.3,96.0,102.2,95.8,104.4,126.5,103.1,117.8,117.6,89.4,92.5,86.3,93.9,100.8
"2019.07",110.6,92.0,94.6,106.1,103.9,98.1,113.2,100.1,111.4,130.7,108.0,121.8,126.8,93.3,102.1,86.9,97.4,114.9
"2019.08",103.3,94.4,87.4,94.5,103.3,81.4,101.5,88.6,106.2,120.8,102.7,116.9,117.6,83.8,101.9,89.4,83.9,115.0
"2019.09",104.5,95.7,87.7,95.3,100.3,87.4,100.1,91.2,105.2,125.7,106.7,116.2,119.2,85.7,100.9,81.6,84.5,98.2
"2019.10",112.1,102.5,95.7,107.3,107.8,91.2,119.5,99.9,116.9,140.3,108.2,124.2,120.2,94.5,99.8,89.8,94.5,114.7
"2019.11",111.5,97.2,95.5,101.7,111.3,93.3,109.3,98.7,116.5,144.3,108.1,119.8,117.4,92.8,99.4,87.8,92.2,116.3
"2019.12",115.1,105.8,100.3,104.2,116.7,86.1,110.4,105.8,113.9,148.0,111.8,121.0,127.0,91.8,104.2,83.5,96.9,110.4
"2020.01",102.1,100.8,88.1,93.9,104.8,84.2,99.3,90.5,111.9,133.1,97.9,104.6,113.2,88.2,103.3,77.5,87.5,97.3
"2020.02",99.6,82.8,89.0,97.1,102.8,83.0,93.6,75.0,111.9,131.6,94.0,106.2,105.6,82.1,97.9,79.4,87.9,96.4
"2020.03",113.6,83.5,98.0,101.5,112.5,99.7,104.6,102.5,120.3,148.1,106.4,118.3,124.8,94.9,103.2,93.6,97.4,104.7
"2020.04",101.6,77.6,89.3,86.8,97.4,82.5,94.8,88.8,111.4,125.2,99.7,111.5,113.5,89.2,95.3,81.9,85.8,96.4
"2020.05",96.9,74.7,80.1,74.2,93.7,71.4,82.1,76.8,106.7,129.1,92.9,101.2,104.2,80.0,96.3,74.8,76.3,86.6
"2020.06",104.5,78.3,89.5,79.3,100.4,90.7,101.4,86.2,109.5,140.1,98.6,109.3,113.0,82.0,95.9,78.2,83.5,99.7
"2020.07",107.5,75.8,89.8,90.5,105.5,108.8,105.4,96.0,113.9,136.5,99.9,113.2,115.7,84.6,101.0,82.1,86.3,106.0
"2020.08",99.7,78.8,77.9,78.1,101.6,87.4,98.9,79.8,109.3,132.3,92.5,102.4,112.4,74.8,98.5,81.6,72.9,108.6
"2020.09",112.2,85.7,84.4,96.2,113.8,104.6,101.2,95.3,116.5,149.0,108.1,117.5,121.3,91.6,98.9,84.7,87.8,104.0
"2020.10",109.2,87.2,82.1,96.9,105.4,103.7,100.7,95.6,123.4,138.2,102.3,113.7,117.7,87.4,98.4,82.3,84.6,98.5
"2020.11",111.8,91.0,89.4,97.9,105.0,98.6,108.3,97.7,132.2,141.5,103.5,125.2,124.3,88.3,92.9,82.6,88.1,109.8
"2020.12",118.3,100.2,94.0,100.7,120.9,90.2,117.5,98.7,135.0,155.4,105.8,126.4,125.3,91.6,101.4,85.8,93.4,127.8
"2021.01",110.4,96.4,83.5,98.2,115.1,92.9,101.4,96.8,128.0,146.5,95.7,118.6,121.5,90.9,104.9,91.7,89.0,108.4
"2021.02",100.7,83.8,79.3,90.3,100.5,90.2,95.9,82.1,118.3,142.1,87.6,110.2,103.8,83.9,98.9,78.0,77.3,94.6
"2021.03",118.9,92.6,92.1,107.6,115.0,105.4,111.2,99.6,135.2,169.9,104.3,125.7,120.6,98.7,107.7,91.1,93.4,106.4
"2021.04",114.0,85.5,89.3,107.9,111.8,111.7,106.4,93.5,128.3,153.1,99.1,123.1,121.9,95.3,103.4,88.6,91.2,101.6
"2021.05",111.5,78.1,85.1,99.0,110.0,94.3,99.8,87.1,127.3,152.4,97.3,122.4,114.9,91.9,107.3,84.9,86.4,100.3
"2021.06",117.2,84.0,90.0,102.4,116.4,101.7,108.7,93.9,127.9,162.9,101.6,130.2,118.3,95.6,104.3,84.7,90.0,109.0
"2021.07",116.6,85.0,90.5,104.4,117.9,98.5,95.7,96.1,129.0,157.0,102.5,129.1,121.7,92.2,109.7,86.4,88.7,120.4
"2021.08",110.5,88.1,80.1,88.9,113.5,87.6,84.7,84.9,126.7,157.9,100.8,118.8,113.1,84.1,114.4,76.6,79.4,115.0
"2021.09",111.1,85.8,84.3,89.4,109.4,90.2,95.2,84.4,130.9,153.8,99.7,120.7,112.8,84.9,108.6,78.7,80.7,98.6
"2021.10",114.8,97.0,89.3,96.6,110.0,99.8,100.2,90.8,137.1,157.4,100.4,127.1,111.7,92.2,109.6,82.5,85.2,103.0
"2021.11",119.3,92.8,94.4,106.7,116.4,111.9,107.2,94.0,138.0,160.4,106.3,134.4,118.6,95.9,105.7,85.1,91.3,110.8
"2021.12",126.7,102.1,98.4,111.5,122.0,108.0,112.8,102.3,143.6,175.1,110.4,142.2,124.6,100.8,114.5,91.6,94.7,124.1
"2022.01",115.1,98.7,88.8,102.6,113.9,101.4,92.7,94.3,141.2,156.0,102.4,128.8,119.3,94.4,118.5,80.5,89.9,120.9
"2022.02",107.1,88.1,80.8,95.0,106.6,89.5,88.2,85.4,127.7,159.7,89.2,120.1,108.3,87.3,101.2,74.4,84.5,97.2
"2022.03",123.3,94.0,93.6,107.3,117.2,104.3,95.4,93.9,145.6,177.5,106.0,142.0,124.0,100.6,110.5,89.1,95.3,110.6
"2022.04",118.1,87.1,93.3,106.6,114.6,100.5,92.8,94.6,138.6,166.9,101.7,140.6,116.2,92.6,110.2,82.6,96.4,101.4
"2022.05",119.9,80.1,93.2,105.9,112.9,107.5,97.7,95.0,133.5,174.4,106.3,139.6,116.0,99.6,111.6,86.0,93.6,100.6
"2022.06",118.8,82.1,95.1,105.8,116.7,105.6,97.7,90.3,135.2,181.3,100.4,128.6,112.8,96.5,101.5,85.8,93.1,107.0
"2022.07",118.4,85.0,101.8,105.9,119.5,102.2,100.0,93.1,134.9,177.6,102.7,124.8,113.9,97.4,112.1,85.7,93.0,115.4
"2022.08 p)",112.2,82.7,96.0,97.8,117.1,97.6,85.4,86.3,127.2,163.1,103.0,117.7,108.4,90.9,108.8,86.7,86.3,116.5
"2022.09 p)",112.0,82.0,98.8,103.1,125.4,99.4,91.6,91.1,136.2,164.2,96.5,119.5,109.3,89.3,103.3,74.4,88.1,97.8
